51 51 0.5882 0.5882 
37 37 0.7297 0.7297 
52 52 0.5962 0.5962 
41 41 0.5366 0.5366 
45 45 0.4667 0.4667 
56 56 0.6429 0.6429 
43 43 0.5814 0.5814 
50 50 0.6 0.6 
55 55 0.3818 0.3818 
50 50 0.56 0.56 
45 45 0.6444 0.6444 
53 53 0.6226 0.6226 
41 41 0.7561 0.7561 
56 56 0.6071 0.6071 
42 42 0.5714 0.5714 
52 52 0.6923 0.6923 
51 51 0.6471 0.6471 
60 60 0.55 0.55 
53 53 0.5472 0.5472 
41 41 0.6585 0.6585 
64 64 0.6875 0.6875 
55 56 0.5273 0.5179 
46 46 0.6522 0.6522 
51 51 0.6078 0.6078 
51 51 0.5882 0.5882 
