51 51 0.5882 0.5882 
37 37 0.6486 0.6486 
52 52 0.6538 0.6538 
41 41 0.5366 0.5366 
45 45 0.5111 0.5111 
56 56 0.6786 0.6786 
43 43 0.6047 0.6047 
50 50 0.66 0.66 
55 55 0.4182 0.4182 
50 50 0.54 0.54 
45 45 0.6667 0.6667 
53 53 0.6038 0.6038 
41 41 0.7317 0.7317 
56 56 0.625 0.625 
42 42 0.619 0.619 
52 52 0.7115 0.7115 
51 51 0.6275 0.6275 
60 60 0.4833 0.4833 
53 53 0.5849 0.5849 
41 41 0.6585 0.6585 
64 64 0.6875 0.6875 
55 55 0.6 0.6 
46 46 0.6739 0.6739 
51 51 0.6275 0.6275 
51 51 0.5882 0.5882 
