51 54 0.5098 0.4815 
37 37 0.6486 0.6486 
52 52 0.3654 0.3654 
41 41 0.3659 0.3659 
45 45 0.4222 0.4222 
56 56 0.4821 0.4821 
43 43 0.4651 0.4651 
50 50 0.56 0.56 
55 55 0.3455 0.3455 
50 50 0.56 0.56 
45 45 0.6222 0.6222 
53 53 0.5283 0.5283 
41 41 0.4146 0.4146 
56 56 0.5893 0.5893 
42 42 0.3571 0.3571 
52 52 0.5 0.5 
51 51 0.5882 0.5882 
60 60 0.4833 0.4833 
53 53 0.4528 0.4528 
41 41 0.439 0.439 
64 64 0.5312 0.5312 
55 55 0.5455 0.5455 
46 46 0.6522 0.6522 
51 51 0.4706 0.4706 
51 52 0.4706 0.4615 
