51 51 0.6275 0.6275 
37 37 0.6757 0.6757 
52 52 0.6346 0.6346 
41 41 0.5366 0.5366 
45 45 0.5111 0.5111 
56 56 0.6786 0.6786 
43 43 0.5814 0.5814 
50 50 0.66 0.66 
55 55 0.4182 0.4182 
50 50 0.56 0.56 
45 45 0.6444 0.6444 
53 53 0.6038 0.6038 
41 41 0.7561 0.7561 
56 56 0.625 0.625 
42 42 0.619 0.619 
52 52 0.7115 0.7115 
51 51 0.6471 0.6471 
60 60 0.55 0.55 
53 53 0.5849 0.5849 
41 41 0.6341 0.6341 
64 64 0.6875 0.6875 
55 55 0.6 0.6 
46 46 0.6522 0.6522 
51 51 0.5882 0.5882 
51 51 0.549 0.549 
