51 51 0.5882 0.5882 
37 37 0.7027 0.7027 
52 52 0.6154 0.6154 
41 41 0.5366 0.5366 
45 45 0.4444 0.4444 
56 56 0.6429 0.6429 
43 43 0.5349 0.5349 
50 50 0.58 0.58 
55 55 0.4909 0.4909 
50 50 0.56 0.56 
45 45 0.6444 0.6444 
53 53 0.5472 0.5472 
41 41 0.7805 0.7805 
56 56 0.6071 0.6071 
42 42 0.619 0.619 
52 52 0.6923 0.6923 
51 51 0.6275 0.6275 
60 60 0.5167 0.5167 
53 53 0.5472 0.5472 
41 41 0.6341 0.6341 
64 64 0.5625 0.5625 
55 55 0.4909 0.4909 
46 46 0.6304 0.6304 
51 51 0.6667 0.6667 
51 51 0.549 0.549 
